word,positif,neutre,negatif,total
Manuel,2,0,0,2
Suspension,2,0,1,3
Valls,2,0,2,4
décidé,2,0,0,2
décision,2,0,0,2
jeudi,2,1,0,3
lécologie,9,5,17,31
lécotaxe,3,2,1,6
ministre,2,3,3,8
sage,2,0,0,2
salue,2,0,0,2
sine,2,1,0,3
suspension,2,0,1,3
Firflyça,0,0,2,2
ans,3,6,6,15
climatique,20,44,29,93
contrairement,0,0,2,2
dit,0,0,3,3
dépend,0,1,1,2
environ,1,1,2,4
lon,0,0,2,2
réchauffement,8,20,22,50
stagne,0,0,2,2
Atlantico,0,1,0,1
Réchauffement,0,10,2,12
Suède,0,4,1,5
culminant,0,4,0,4
deuxième,1,4,0,5
passer,0,7,1,8
point,1,4,1,6
posi,0,1,0,1
Sorienter,1,0,0,1
bénéfique,1,0,0,1
léconomie,3,0,1,4
plus,17,20,8,45
serait,1,1,1,3
transports,3,1,0,4
vers,6,1,0,7
écologiques,12,16,2,30
Agence,1,0,0,1
Ecofin,2,0,0,2
Inongo,1,0,0,1
dune,6,2,1,9
déforestation,1,0,1,2
massive,1,1,1,3
prix,4,2,0,6
renaissance,1,0,0,1
scoopit,12,4,5,21
tabac,1,0,0,1
via,33,37,25,95
zimbabwéen,1,0,0,1
RT,7,6,3,16
applauserp,1,0,0,1
croissance,2,2,3,7
nereaustephane,1,0,0,1
positive,2,0,0,2
territoires,1,1,0,2
verte,11,7,1,19
énergie,12,10,0,22
Eolien,3,0,0,3
Global,3,0,0,3
I,4,1,0,5
Tech,4,2,0,6
installées,3,0,0,3
mer,3,2,0,5
parc,4,1,0,5
succès,3,0,0,3
éoliennes,16,11,13,40
cher,1,1,1,3
nouveaux,3,1,0,4
planchers,1,0,0,1
surHeel,0,1,0,1
déléphanteau,0,1,0,1
mooi,0,1,0,1
rescousse,0,1,0,1
éléphants,0,1,0,1
Isolant,1,1,0,2
Jetfib,0,1,0,1
bien,8,3,3,14
isoler,1,1,0,2
maison,3,4,0,7
naturel,1,3,0,4
ouate,1,1,0,2
écologique,7,8,1,16
Canada,1,0,5,6
Fillion,0,0,1,1
Gérald,0,0,1,1
RDI,0,0,1,1
étude,0,1,2,3
DirectSR,1,0,0,1
Français,1,0,0,1
IfopOpinion,1,0,0,1
assassinez,0,0,1,1
bande,0,0,1,1
denfoirés,0,0,1,1
espèces,0,1,8,9
protégées,0,0,1,1
rappelle,0,0,1,1
socialistes,0,0,1,1
CNajdovski,0,1,0,1
Club,0,1,0,1
HDV,0,1,0,1
Véhicules,0,1,0,1
ac,0,2,0,2
décor,0,1,0,1
logistique,0,1,0,1
magnifique,0,1,0,1
matin,0,2,1,3
parlons,0,1,0,1
urbaine,0,1,0,1
Écologiques,0,2,0,2
page,0,0,1,1
quitte,0,0,2,2
tourne,0,0,1,1
Réveillé,0,1,0,1
IndiraAxelle,0,0,1,1
ahhh,0,0,1,1
callednihas,0,0,1,1
oue,0,0,1,1
rigolent,0,0,1,1
Lacidification,0,0,2,2
danger,0,0,3,3
marines,0,2,2,4
met,0,0,2,2
missplanete,0,0,1,1
océans,0,0,4,4
Goldwind,1,0,0,1
Russie,2,0,1,3
centrales,1,3,2,6
chinoise,1,0,0,1
construire,2,0,0,2
fabrication,1,0,0,1
société,1,1,0,2
usine,2,1,0,3
veut,4,0,2,6
Allier,0,1,0,1
Auvergne,0,1,0,1
Bourgogne,0,1,0,1
Ecovillage,0,1,0,1
SaôneEtLoire,0,1,0,1
agriculteurs,0,1,0,1
amp,2,4,1,7
bio,1,1,0,2
cherche,0,1,0,1
participants,0,1,0,1
Dinar,0,1,0,1
Gratuït,0,1,0,1
Recuperats,0,1,0,1
Solidari,0,1,0,1
Taller,0,1,0,1
dAliments,0,1,0,1
dAprofitament,0,1,0,1
eldimonipuntcom,0,1,0,1
i,0,1,0,1
natusterritori,0,1,0,1
FanSubCana,0,1,0,1
Plus,0,1,0,1
autonomie,0,1,0,1
ligne,0,4,0,4
quasi,0,1,0,1
rapidité,0,1,0,1
écosystème,5,8,2,15
Energie,4,7,1,12
baterie,0,1,0,1
cellule,2,1,0,3
innovation,0,2,0,2
propre,2,1,0,3
solaire,11,16,1,28
stocke,2,1,0,3
Huy,1,0,0,1
Marchin,1,0,0,1
O,1,0,0,1
Ohey,1,0,0,1
PS,1,1,0,2
Sensibiliser,1,0,0,1
leurs,2,2,1,5
limpact,1,2,1,4
projet,4,3,2,9
réagit,1,0,0,1
Gaz,0,0,2,2
effet,1,3,4,8
engagement,0,0,2,2
ne,2,7,15,24
polcan,0,0,1,1
pourra,0,0,3,3
respecter,0,0,2,2
serre,1,2,4,7
Changement,1,7,2,10
dadaptation,0,1,0,1
stratégies,0,2,0,2
ville,1,1,0,2
Évaluation,0,1,0,1
Gravelines,0,1,0,1
Journées,0,1,0,1
attendues,0,1,0,1
centrale,2,5,1,8
cest,2,11,8,21
end,0,1,0,1
lIndustrie,0,1,0,1
nombre,0,1,0,1
personnes,1,1,1,3
week,0,1,0,1
Électrique,0,1,0,1
Contre,0,1,2,3
argument,0,1,0,1
panneaux,7,3,1,11
pourrions,0,1,0,1
pétrole,0,1,2,3
solaires,5,4,1,10
PowerRouter,0,1,0,1
derniers,0,1,0,1
dénergie,3,5,0,8
généré,0,2,0,2
jours,0,3,0,3
kWh,0,1,0,1
homnivore,0,1,0,1
humain,0,1,0,1
lun,0,2,0,2
lécosystème,6,10,1,17
lêtre,0,1,0,1
normal,1,1,0,2
rares,0,1,0,1
tchagui,0,1,0,1
CecileDuflot,1,2,1,4
GGRMC,1,0,1,2
JVPlace,1,0,1,2
beaucoup,1,0,0,1
bonne,2,0,1,3
brassez,1,0,0,1
clair,1,0,0,1
eoliennes,1,0,0,1
etes,1,0,1,2
bientôt,2,2,1,5
champ,2,1,0,3
energie,1,1,0,2
opérationnel,3,0,0,3
Énergie,2,3,0,5
gaz,1,3,4,8
hollande,0,1,0,1
kk,0,1,0,1
nucléaire,1,4,2,7
schiste,0,3,1,4
zoli,0,1,0,1
Parution,0,1,0,1
Vers,0,1,0,1
droit,0,1,0,1
international,0,1,1,2
louvrage,0,1,0,1
réfugiés,0,1,0,1
Cest,3,2,1,6
Fuck,0,1,0,1
Socrqte,0,1,0,1
appart,0,1,0,1
clim,0,1,0,1
jaurais,0,1,0,1
je,4,7,8,19
partout,0,2,0,2
pied,1,2,0,3
pouvais,0,1,0,1
Liion,1,0,0,1
Recycler,1,0,0,1
batterie,1,0,0,1
futurasciences,1,0,0,1
pneus,1,1,0,2
produire,1,1,0,2
recyclage,1,2,0,3
Arrêtez,0,0,1,1
parler,0,0,4,4
Anglet,0,1,0,1
déchets,2,4,3,9
journalsudouest,0,1,0,1
lénergie,10,14,3,27
produisant,0,1,0,1
solution,1,1,2,4
traiter,0,1,0,1
Ecotaxe,3,1,0,4
Mons,0,1,0,1
annuels,0,1,0,1
annulée,0,1,0,1
champagne,0,1,0,1
compensations,0,1,0,1
conservées,0,1,0,1
lobbies,0,1,0,1
rien,2,1,1,4
toujours,1,2,0,3
Areva,1,0,0,1
EMR,1,0,0,1
Games,1,0,0,1
installé,1,0,0,1
nouveau,3,3,0,6
offshore,1,0,0,1
partenaire,1,0,0,1
prouve,1,0,0,1
savoirfaire,1,0,0,1
triple,1,0,0,1
éolien,2,1,0,3
Etats,0,1,0,1
durable,13,23,7,43
développement,15,18,6,39
ecologie,11,11,6,28
faire,4,7,1,12
insulaires,0,1,0,1
modèles,1,1,0,2
EDF,2,1,0,3
dénergies,1,1,0,2
marketing,0,1,0,1
premier,0,2,1,3
producteur,0,1,0,1
renouvelables,14,18,0,32
Begov,1,0,0,1
clé,1,0,0,1
compétences,1,0,0,1
fera,1,1,0,2
limites,1,0,0,1
objectif,1,0,1,2
cheminée,0,1,0,1
projets,1,3,1,5
tour,1,2,0,3
UK,0,0,1,1
biodiversité,3,2,2,7
déclin,0,0,1,1
empêcher,0,0,1,1
naturelles,0,0,1,1
réserves,0,0,1,1
suffisent,0,0,1,1
MsrVar,1,0,0,1
RoutePlusSure,1,0,0,1
acteurs,1,0,0,1
contacts,1,0,0,1
missions,1,0,0,1
service,2,0,0,2
débats,1,0,0,1
entre,1,4,2,7
partis,1,0,2,3
résumé,1,0,1,2
écologistes,4,7,17,28
Inanité,0,0,1,1
dun,1,3,2,6
espèce,3,1,4,8
lutte,3,0,2,5
survie,1,0,3,4
Royal,5,4,2,11
Ségolène,3,4,1,8
contre,6,0,7,13
guerre,1,0,1,2
personnelle,1,0,0,1
punitive ,1,0,0,1
victoire,1,0,0,1
 lécologie,1,0,0,1
Poubelle,0,0,1,1
Salsssaaaa,0,0,1,1
StefanVersac,0,0,1,1
ai,0,0,1,1
allez,0,0,1,1
autant,0,0,1,1
jamais,0,1,1,2
n,0,0,1,1
puent,0,0,1,1
qq,0,0,1,1
temps,2,3,3,8
écologiste,1,3,4,8
Web,1,0,0,1
internet,1,0,0,1
label,1,0,0,1
sites,1,0,0,1
CEFRIO,0,2,0,2
Nouvelle,1,4,3,8
intranets,0,2,0,2
publication,0,2,0,2
BeauxTies,0,1,0,1
changement,9,10,4,23
colloques,0,1,0,1
série,0,2,0,2
transition,1,4,0,5
NASA,0,0,1,1
choc,0,0,1,1
secondes,0,0,1,1
vidéo,2,1,1,4
disparaître,0,0,2,2
menacées,1,0,3,4
oiseaux,0,0,2,2
train,1,0,2,3
Lanar,0,0,1,1
Société,0,0,1,1
courent,0,0,1,1
ecosystème,0,1,1,2
grand,1,0,1,2
mal,1,0,4,5
monde,3,3,5,11
océaniques,0,0,1,1
perte,0,0,1,1
systèmes,0,0,1,1
Madagascar,1,0,0,1
bois,2,1,0,3
exigent,1,0,0,1
larrestation,1,0,0,1
organisations,2,0,0,2
rose,1,0,0,1
trafiquants,1,0,0,1
EMERGENT,1,0,0,1
MAGHREB,1,0,0,1
MarocCasablanca,1,0,0,1
accumulé,1,0,0,1
expérience,2,0,0,2
gestion,1,0,0,1
importante,1,0,0,1
LEst,0,1,0,1
Lynx,0,1,0,1
Requiem,0,1,0,1
Républicain,0,1,0,1
ben,0,2,0,2
famille,0,1,0,1
lynx,0,1,0,1
pioche,0,1,0,1
pr,1,1,1,3
protégée,0,1,2,3
ya,0,2,0,2
effets,0,1,1,2
lacidi,0,0,1,1
lacidification,0,0,2,2
rapport,0,3,1,4
saccélère,0,0,2,2
Cuba,2,0,0,2
LONU,2,0,0,2
domaine,3,0,0,3
efforts,3,0,0,3
reconnaît,2,0,0,2
renouvelable,5,5,0,10
Sciences,0,1,3,4
blog,1,1,1,3
empereur,0,0,2,2
manchot,0,0,2,2
note,0,0,1,1
victime,0,0,2,2
EPFL,0,1,0,1
Parc,0,1,0,1
Romande,0,1,1,2
expérimentation,0,1,0,1
raccordé,0,1,0,1
stockage,1,2,0,3
LUnesco,1,0,0,1
culture,1,0,0,1
mise,1,0,0,1
Bien,0,0,1,1
EELV,0,2,2,4
concerne,0,0,1,1
inutile,0,0,1,1
parti,0,1,1,2
sûr,1,1,1,3
feu,0,1,0,1
lArctique,0,1,0,1
marins,0,1,0,1
photo,0,1,0,1
titre,1,1,0,2
écosystèmes,0,2,1,3
Matymen,0,1,0,1
cartographie,0,1,0,1
complet,0,1,0,1
infographie,0,1,0,1
socialmedia,0,1,0,1
vjeremieaubert,0,1,0,1
Lexposition,0,0,1,1
abeilles,0,0,2,2
altère,0,0,1,1
aux,7,10,4,21
pesticides,0,1,1,2
repères,0,0,1,1
spatiaux,0,0,1,1
Bzh,0,0,1,1
Drian,0,0,1,1
Oublié,0,0,1,1
dvpt,0,0,1,1
défense,0,0,1,1
empêchant,0,0,1,1
larmée,0,0,1,1
léolien,1,0,1,2
plaigant,0,0,1,1
tps,0,0,1,1
écrivait,0,0,1,1
Lécosystème,1,4,0,5
Marketplaces,0,2,0,2
PME,0,2,0,2
RDVSaaSCloud,0,1,0,1
TPE,0,2,0,2
cloud,0,2,0,2
services,0,3,0,3
Espèces,0,0,1,1
Ottawa,0,0,1,1
industriels,1,0,1,2
péril,0,1,1,2
sunissent,0,0,1,1
Charlotte,0,0,1,1
affirme,0,1,1,2
alsace,0,0,1,1
impasse,0,0,1,1
nest,3,3,4,10
Biodiversité,3,4,4,11
Ecologie,4,6,2,12
Océans,0,1,0,1
champignons,0,2,0,2
mystère,0,1,0,1
sousmarins,0,1,0,1
Ow,0,1,0,1
Tedx,0,1,0,1
Voitures,0,2,0,2
elonmusk,0,1,0,1
fusées,0,1,0,1
passe,0,3,0,3
shit,0,1,0,1
électriques,0,3,1,4
Bastamag,1,0,1,2
Gazdeschiste,1,0,0,1
compensation,1,0,0,1
parodique,1,0,0,1
ENR,2,0,1,3
Larmée,0,0,1,1
conscience,0,0,1,1
dépendance,0,0,1,1
lieu,2,2,1,5
prendre,0,0,1,1
sopposer,0,0,2,2
énergétique,4,5,1,10
Grand,3,0,1,4
Vallon,1,0,0,1
récompensé,1,0,0,1
Face,0,0,1,1
avons,0,0,1,1
besoin,0,1,1,2
denveloppement,0,0,1,1
dont,0,0,1,1
natures,0,0,1,1
pénurie,0,0,1,1
ressources,0,0,1,1
toutes,1,1,1,3
Burkina,1,0,0,1
FCFA,1,0,0,1
Fond,1,0,0,1
accordés,1,0,0,1
milliards,1,2,1,4
saoudien,1,0,0,1
PayinTech,0,1,0,1
Tourmagcom,0,1,0,1
paiement,0,1,0,1
technologique,1,1,0,2
SCRS,0,0,1,1
dérange,0,0,1,1
plainte,0,0,1,1
surveillés,0,0,1,1
Écologistes,0,1,1,2
Conflit,0,0,2,2
WWF,0,0,2,2
autochtones,0,0,2,2
conservation,0,0,2,2
nature,0,0,4,4
populations,0,0,2,2
Martinique,3,1,0,4
Nice,1,0,0,1
bouger,1,0,0,1
meeting,1,0,0,1
skype,1,0,0,1
startup,2,0,0,2
stevebercy,1,0,0,1
with,1,1,0,2
Sécurité,0,1,0,1
Union,0,1,0,1
diversification,0,1,0,1
européenne,0,1,0,1
future,1,2,0,3
piliers,0,1,0,1
seront,0,2,3,5
énergies,12,18,0,30
Troyes,0,1,0,1
entreprises,2,3,0,5
expositions,0,1,0,1
travaillent,0,1,0,1
Invités,0,0,1,1
Rochelle,0,0,3,3
communistes,0,0,3,3
libe,0,0,1,1
merci,0,0,3,3
CosterDe,1,0,0,1
DSL,1,0,0,1
EstherBenbassa,1,0,0,1
battre,1,0,0,1
crois,1,1,3,5
gagner,1,0,0,1
gauche,2,1,2,5
CEATEE,0,0,1,1
Malgré,0,0,1,1
belles,0,0,1,1
majorité,0,0,1,1
promesses,0,0,1,1
refuse,0,0,1,1
sengager,0,0,1,1
économieverte,0,0,1,1
BampD,0,2,0,2
Big,0,2,0,2
Data,0,2,0,2
IBM,0,2,0,2
Matinale,0,2,0,2
PSA,0,1,0,1
Projet,1,1,0,2
connectee,0,1,0,1
dela,0,1,0,1
ecosysteme,1,1,0,2
faut,2,6,1,9
matinalebd,0,2,0,2
voiture,0,2,1,3
Dieula,0,0,1,1
LaManifPourTous,0,0,2,2
Valeurs,0,0,2,2
dépasser,0,0,1,1
détruit,0,0,2,2
hommes,0,0,1,1
quon,0,2,3,5
veulent,1,1,1,3
Ecologistes,0,1,2,3
sansmerci,0,0,1,1
AgnesMaltais,0,0,1,1
SimonTresimFrancoiseDavid,0,0,1,1
citoyens,1,1,1,3
groupes,1,1,1,3
méprisé,0,0,1,1
ont,1,3,3,7
sacochemaker,0,0,1,1
Environnement,1,5,3,9
Océan,0,0,1,1
franceinfo,0,0,1,1
Hollande,1,4,1,6
Schwarzenegger,1,4,1,6
gtOn,0,0,1,1
pitié,0,0,1,1
planète,0,3,1,4
recevra,0,0,1,1
sauvés,0,0,1,1
Maathiou,1,0,0,1
chinois,1,0,0,1
rare,1,0,0,1
thabestvines,1,0,0,1
Radars,1,0,0,1
assouplissement,1,0,0,1
lEcologie,1,4,0,5
ministère,1,2,0,3
météos,1,0,0,1
propose,1,1,0,2
Financement,2,0,0,2
banques,4,0,0,4
crowdfunding,5,0,0,5
participatif,2,0,0,2
sinvitent,4,0,0,4
Matra,1,0,0,1
VTT,1,0,0,1
lancera,1,0,0,1
liForce,1,0,0,1
électrique,2,4,2,8
Ligue,0,1,0,1
Québec,1,2,0,3
Québécois,0,1,0,1
Réseau,0,2,0,2
appellent,0,1,0,1
droits,0,1,1,2
libertés,0,1,0,1
population,0,1,1,2
NiceMatin,0,0,1,1
RoyalSegolene,4,4,2,10
interview,1,0,1,2
punitive,0,0,3,3
soit,0,2,2,4
verts,2,1,1,4
veux,1,1,1,3
OGM,0,0,2,2
biodiversitéagricole,0,0,1,1
panne,0,0,2,2
Cfa,0,1,0,1
Charles,0,1,0,1
Déchets,1,1,1,3
Détournement,0,1,0,1
F,0,2,0,2
Koffi,0,1,0,1
Victimes,0,1,1,2
coupable,0,1,0,1
dénonce,0,1,0,1
silence,0,1,0,1
toxiques,0,2,1,3
Pilo,0,1,0,1
grâce,3,2,0,5
mouvements,0,1,0,1
pile,0,1,0,1
recharge,0,2,0,2
LPO,1,0,0,1
Refuge,1,0,0,1
bordelais,1,0,0,1
devient,2,1,1,4
protéger,1,0,1,2
viticole,1,0,0,1
Android,1,1,0,2
Google,1,1,0,2
Petite,0,1,0,1
Play,0,1,0,1
Services,0,1,0,1
autour,0,2,2,4
réflexion,0,1,0,1
DGS,1,1,0,2
première,3,0,0,3
scientifiques,3,0,0,3
élaborent,2,0,0,2
mettent,0,2,0,2
msmorlot,0,1,0,1
ny,0,1,0,1
quils,0,2,1,3
quun,0,2,0,2
alimenter,1,0,0,1
donner,2,0,0,2
lessence,1,0,0,1
panneaus,1,0,0,1
placer,1,0,0,1
pourraient,1,0,0,1
quil,3,1,0,4
électrogènes,1,0,0,1
Lundi,1,0,0,1
Valdelia,1,0,0,1
appel,1,1,0,2
collecte,1,0,0,1
dameublement,1,0,0,1
doffre,1,0,0,1
lance,3,1,0,4
professionnels,2,0,0,2
AIDAIREST,0,1,0,1
Conférence,0,1,0,1
Ecosystème,0,1,0,1
France,6,7,2,15
LaurentQueige,0,1,0,1
MichelTIARD,0,1,0,1
cc,0,4,0,4
gt,2,3,1,6
sinscrire,0,1,0,1
tourisme,1,1,0,2
bouc,0,0,1,1
loup,1,0,1,2
émissaire,0,0,1,1
RomainePas,0,0,1,1
assnat,0,0,1,1
bâtisseurLa,0,0,1,1
cétait,1,0,1,2
dargent,1,0,1,2
gaspillage,0,0,2,2
pire,0,0,2,2
questionne,0,0,1,1
BioPolymeres,0,1,0,1
Chimie,0,1,0,1
EcoAt,0,1,0,1
Ecoat,0,1,0,1
Roussillon,0,1,0,1
chimique,0,1,0,1
choisit,0,1,0,1
plateforme,2,1,0,3
NDDL,1,1,0,2
aéroport,0,1,0,1
brûlés,0,1,0,1
dizaines,0,1,0,1
dénoncer,0,1,0,1
futur,0,1,0,1
Statistiques,0,0,1,1
climat,4,1,1,6
nos,1,0,2,3
réel,0,1,1,2
émissions,1,0,1,2
étourdissant,0,0,1,1
Retour,0,1,0,1
analyse,0,1,0,1
chronique,0,1,0,1
mercredi,0,2,0,2
paysage,0,1,1,2
perceptions,0,1,0,1
sortie,0,3,0,3
ETL,0,1,0,1
Laurent,0,1,0,1
Segueenkoff,0,1,0,1
hadoopiser,0,1,0,1
lecosysteme,0,1,0,1
Ingeteam,1,0,0,1
Sunzil,1,0,0,1
lancent,1,0,0,1
pilote,1,0,0,1
Tchad,2,0,0,2
opte,2,0,0,2
Décision,0,1,0,1
camping,0,1,0,1
dextension,0,1,0,1
dimpact,0,1,0,1
nonsoumission,0,1,0,1
réalisation,0,1,0,1
terrain,1,2,1,4
Panorama,0,1,0,1
République,0,1,1,2
disparaissent,0,1,1,2
route,0,1,2,3
serpents,0,0,1,1
v,0,1,2,3
vivant,0,0,2,2
femmes,1,4,0,5
fin,0,2,0,2
restera,0,2,0,2
Chauffage,0,1,0,1
avis,0,1,0,1
chaleur,1,4,0,5
pompe,0,1,0,1
Dame,0,0,1,1
Landes,0,0,1,1
folle,0,0,1,1
justice,0,0,2,2
militants,0,0,1,1
goetsu,0,1,0,1
mentions,0,1,0,1
nicojallai,0,1,0,1
site,0,2,0,2
venir,0,1,0,1
Chamonix,0,0,1,1
goûter,0,0,1,1
refuge,0,0,1,1
Good,0,1,0,1
Ideas,0,1,0,1
Lot,0,1,0,1
dextérieur,0,1,0,1
jardin,0,2,0,2
lampadaire,0,1,0,1
lampadaires,0,1,0,1
lante,0,1,0,1
utiliser,0,2,0,2
Conseil,0,2,0,2
JDE,0,1,0,1
Quattendon,0,1,0,1
Vidéo,0,1,0,1
edwyplenel,0,1,0,1
modérée,0,1,0,1
plénière,1,1,0,2
visionnage,0,1,0,1
fête,2,0,0,2
lhonneur,3,0,0,3
rénovation,2,0,0,2
celuilà,0,1,0,1
chez,0,1,1,2
darriver,0,1,0,1
moi,0,3,1,4
vient,0,1,1,2
Fonroche,1,0,0,1
Géothermie,1,1,0,2
accordé,1,0,0,1
exclusif,1,0,0,1
haute,1,0,0,1
permis,2,0,0,2
recherches,1,0,0,1
température,1,0,0,1
Ya,0,0,1,1
arguments,0,0,1,1
autorisé,0,0,1,1
jcomprends,0,0,1,1
oufs,0,0,1,1
perchés,0,0,1,1
sortir,0,1,1,2
belle,2,0,1,3
convivialité,1,0,0,1
humaine,1,1,1,3
jardinpartage,1,0,0,1
partage,1,0,0,1
vague,1,0,0,1
inutiles,1,0,1,2
lumières,1,0,0,1
zacalbravo,1,0,0,1
Californie,0,0,1,1
Courrier,0,0,1,1
On,0,2,2,4
condor,0,0,1,1
plombé,0,0,1,1
BM,1,0,0,1
MaghressEcogt,1,0,0,1
Noor,2,0,0,2
phase,2,0,0,2
soutenue,1,0,0,1
Doubs,0,0,1,1
Eoliennes,0,0,2,2
défenseurs,0,0,1,1
inquiets,0,0,2,2
patrimoine,0,1,1,2
Capteurs,1,0,0,1
deux,1,1,0,2
hybrides,1,0,0,1
meilleur,1,0,0,1
mondes,1,0,0,1
Alternance,0,1,0,1
CSTB,0,1,0,1
INGENIEURE,0,1,0,1
APPRENTISSAGE,0,1,0,1
DEVELOPPEMENT,0,1,0,1
DURABLE,0,1,0,1
FH,0,1,0,1
RECHERCHE,0,1,0,1
Valbonne,0,1,0,1
CM,0,0,1,1
Non,1,0,1,2
Oui,0,1,1,2
communicants,0,0,1,1
comprendre,0,0,1,1
lenjeu,0,0,1,1
pouvez,0,0,1,1
reseauxsociaux,0,0,1,1
Gouyon,0,0,1,1
PierreHenri,0,0,1,1
agricole,0,1,1,2
cer,0,0,1,1
chercheur,1,0,1,2
conteste,0,0,1,1
AUDIOLe,0,1,0,1
Durable,1,1,1,3
Développement,1,7,1,9
Ministère,0,2,0,2
e,0,2,0,2
lEnvironnement,0,1,0,1
Mexique,0,1,0,1
blanches,0,1,0,1
finalement,0,1,0,1
linvestigation,0,1,0,1
luzdesur,0,1,0,1
photographie,0,1,0,1
propos,1,2,0,3
relié,0,1,0,1
Actu,1,0,0,1
EtangSalé,1,0,0,1
Pei,1,0,0,1
créateurs,1,0,0,1
invité,1,0,0,1
marché,1,1,0,2
MR,0,1,0,1
connus,0,1,0,1
enfin,0,1,0,1
ministres,0,1,1,2
innovantes,1,0,0,1
soutenir,1,0,0,1
ECOJARDIN,1,0,0,1
GESTION,1,0,0,1
LABEL,1,0,0,1
NATIONAL,1,0,0,1
PRIME,1,0,0,1
dernier,1,1,0,2
espaces,1,0,0,1
juin,1,0,0,1
répartis,1,0,0,1
toute,2,0,1,3
ÉCOLOGIQUE,1,0,0,1
ACWAPower,1,0,0,1
IFC,1,0,0,1
dollars,1,0,0,1
investir,1,0,0,1
millions,3,0,0,3
va,3,4,2,9
Énergies,1,0,0,1
Après,0,3,1,4
Bravo,1,1,0,2
bobo,0,1,1,2
cédé,0,1,0,1
merdé,0,1,0,1
nestce,0,1,0,1
truc,0,1,0,1
Ja,0,1,0,1
Mediapart,0,1,0,1
Sortir,0,2,0,2
lidée,0,2,1,3
linfini,0,2,0,2
AFA,1,0,0,1
Lalgue,1,0,0,1
exceptionnelle,1,0,0,1
nutritive,1,0,0,1
richesse,2,0,0,2
DD,3,2,1,6
citoyennes,1,1,0,2
donne,1,0,1,2
idée,1,0,1,2
naissance,1,0,0,1
pochtron,1,0,0,1
premières,1,0,0,1
CoalRolling,0,0,1,1
Obama,0,0,1,1
PickUp,0,0,1,1
crier,0,0,1,1
fumée,0,0,1,1
haine,0,0,1,1
noire,0,1,1,2
pimpés,0,0,1,1
écologie,4,4,4,12
BioMethane,1,0,0,1
Jacquemard,1,0,0,1
Pascal,1,0,0,1
Twelcome,1,0,0,1
bravo,1,0,0,1
intéresser,2,0,0,2
locale,1,0,0,1
stockable,1,0,0,1
Gauche,1,0,0,1
année,1,3,1,5
occasion,1,0,0,1
unique,3,0,0,3
zéro,1,0,0,1
écolo,1,0,1,2
MPM,0,1,1,2
communes,0,0,1,1
coûter,0,0,1,1
neuf,0,0,1,1
poubelles,0,0,1,1
Entreprises,0,1,0,1
Prix,0,2,0,2
candidaturesvia,0,1,0,1
ecologiEnergie,2,5,0,7
Cacouna,1,0,3,4
MT,1,0,0,1
StLaurent,1,0,0,1
biologique,1,0,0,1
grande,1,1,1,3
nlettre,1,0,0,1
polqc,1,0,0,1
Européens,0,1,0,1
Faucheurs,0,1,0,1
Fédéralistes,0,1,0,1
Jean,0,1,0,1
Jeunes,0,2,0,2
St,1,1,0,2
StopTAFTA,0,2,0,2
Volontaires,0,1,0,1
dire,0,1,1,2
ns,0,1,0,1
place,0,4,1,5
samedi,0,1,0,1
Corse,0,1,1,2
Papilio,0,1,0,1
Portequeue,0,1,0,1
Présentation,0,1,0,1
hospiton,0,1,0,1
Jai,1,2,1,4
fail,1,0,0,1
lemplacement,1,0,0,1
nickel,1,0,0,1
Nouveauté,0,3,0,3
autorefroidissants,0,1,0,1
Begawatts,0,1,0,1
Croyère,0,1,0,1
Lisa,0,1,0,1
Priorité,0,1,0,1
économies,0,1,0,1
Decathlon,1,0,0,1
Lauréat,1,0,0,1
Solar,1,0,0,1
habitat,1,0,0,1
performant,1,0,0,1
Actualités,0,2,1,3
Yahoo,0,2,1,3
reçu,0,4,0,4
sera,2,7,1,10
The,0,2,0,2
métro,0,2,0,2
Vergers,0,1,0,1
applepicking,0,1,0,1
monkeyssundayfunday,0,1,0,1
my,0,1,0,1
philion,0,1,0,1
askip,0,0,1,1
Je,3,4,0,7
attends,0,1,0,1
conférence,0,3,0,3
Eauoceans,0,1,0,1
mondiales,0,1,0,1
statistiques,0,1,0,1
lAIE,0,1,0,1
transitionénergétique,1,1,0,2
champion,1,0,0,1
devenir,1,0,1,2
irlandais,1,0,0,1
lagroalimentaire,1,0,0,1
Investir,0,1,0,1
cyberacteurs,0,1,0,1
SamoaSIDS,1,0,0,1
dengagements,1,0,0,1
fermes,1,0,0,1
respect,1,0,0,1
tient,1,0,0,1
îles,1,0,0,1
Larticle,0,1,0,1
LoiRoyal,2,2,0,4
dinfos,0,1,0,1
linnovation,0,1,0,1
politique,2,3,0,5
recherche,1,2,0,3
rôle,1,1,0,2
cahier,0,1,0,1
charges,0,1,0,1
déchet,1,1,0,2
gaspi,0,1,0,1
lappel,0,1,0,1
mis,1,2,0,3
territoire,0,1,0,1
Communiqué,0,1,0,1
déclarations,0,1,0,1
groupe,0,2,0,2
jour,1,2,0,3
parues,0,1,0,1
presse,0,2,0,2
réactions,0,1,0,1
élues,0,1,0,1
dici,0,3,0,3
lentement,0,1,0,1
sebrioux,1,1,0,2
vertes,0,1,0,1
Edition,0,1,0,1
Métiers,0,1,0,1
Professionnels,0,2,0,2
Salon,0,1,0,1
SalonEcologie,0,2,0,2
souvenir,0,1,0,1
ACTION,1,0,0,1
BONNE,1,0,0,1
Grizzly,1,0,0,1
Partagez,1,0,0,1
bandeannonce,1,0,0,1
contribuez,1,2,0,3
despèces,1,0,0,1
protection,1,0,0,1
Actuelles,0,0,1,1
défigurent,0,0,1,1
ringards,0,0,1,1
réponse,0,0,1,1
AnimalsAvenue,0,0,1,1
interdits,0,0,1,1
plastique,0,0,1,1
sacs,0,1,1,2
ClientFTI,0,1,0,1
LÉcosse,0,1,0,1
pointe,1,1,0,2
accusé,0,0,1,1
violati,0,0,1,1
bulle,0,1,0,1
naura,0,1,0,1
nouvelle,1,2,0,3
numérique,1,3,0,4
économique,0,1,4,5
LePoint,0,0,1,1
appelle,0,0,1,1
français,0,1,2,3
hautement,0,0,1,1
nkm,0,0,1,1
politiciens,0,0,1,1
scientifique,0,0,2,2
technique,0,1,1,2
Arévalo,0,1,0,1
HauteGaronne,0,1,0,1
Henri,0,1,0,1
chances,0,1,0,1
croient,0,1,0,1
liste,0,1,0,1
présente,0,1,0,1
sénatoriales,0,1,0,1
Élections,0,1,0,1
Aujourdhui,0,0,1,1
Dieu,0,0,2,2
choquant,0,0,1,1
remplacé,0,0,1,1
était,0,0,2,2
LAllemagne,1,0,0,1
daide,1,1,0,2
dispositif,1,0,0,1
lEnergiewende,1,0,0,1
revoit,1,0,0,1
réforme,2,0,1,3
HTC,0,1,0,1
annoncé,0,1,0,1
apps,0,1,0,1
douvrir,0,1,0,1
intention,0,1,0,1
toodeesteve,0,1,0,1
CapFerret,1,0,0,1
aquifr,1,0,0,1
chimère,1,0,0,1
lutter,1,0,0,1
lérosion,1,0,0,1
Visionnez,1,0,0,1
connaître,1,1,1,3
corruption,1,0,1,2
dénonçant,1,0,0,1
film,1,0,1,2
méthodes,1,0,0,1
omerta,1,0,0,1
promoteurs,1,0,0,1
Publication,0,2,0,2
balisage,0,1,0,1
certains,0,1,0,1
doutremer,0,1,0,1
larrêté,0,1,0,1
relatif,1,1,0,2
ESS,1,0,0,1
aucune,0,1,0,1
lela,0,1,0,1
lenvironnement,1,1,0,2
nom,0,1,0,1
névoque,0,1,0,1
rumeur,0,1,0,1
stade,0,1,0,1
Maisonneuve,0,1,0,1
SteCatherine,0,1,0,1
chauffer,0,1,0,1
géothermie,1,4,0,5
lhiver,0,1,1,2
pourrait,1,3,0,4
refroidir,0,1,0,1
système,2,2,0,4
trottoirs,0,1,0,1
despérer,1,0,0,1
raisons,1,0,0,1
Écologie,3,2,0,5
Allemande,0,1,0,1
EEG,0,1,0,1
fond,1,3,0,4
issu,0,1,0,1
loi,3,1,0,4
septembre,0,1,0,1
surplus,0,1,0,1
Passer,1,0,0,1
dencre,1,0,0,1
effaçable,1,0,0,1
feuilles,1,0,0,1
limprimante,1,0,0,1
mautodéclare,1,0,0,1
neuves,1,0,0,1
reine,1,0,0,1
remplies,1,0,0,1
ressortent,1,0,0,1
Green,0,1,0,1
Kyoto,0,1,0,1
après,2,1,0,3
concept,1,1,0,2
doute,0,1,0,1
né,0,1,0,1
quest,0,1,0,1
renommé,0,1,0,1
coup,1,0,0,1
débat,1,0,0,1
dœil,1,0,0,1
vaut,1,0,1,2
DT,0,1,0,1
RTLpresse,0,1,0,1
ancienne,0,1,0,1
députée,0,1,0,1
écolog,0,1,0,1
Enquêtes,1,0,0,1
Félicitations,2,0,0,2
Repost,1,0,0,1
contribuables,1,0,0,1
dégâts,1,0,0,1
lécologisme,1,0,0,1
nsur,1,0,0,1
Agriculture,0,1,0,1
Centre,1,1,0,2
RAPPELAppel,0,1,0,1
coopération,0,2,0,2
propositions,0,1,0,1
rural,0,1,0,1
Lépandage,0,1,0,1
Monde,1,1,0,2
près,0,1,0,1
restreint,0,1,0,1
écoles,0,1,0,1
LNEcanal,0,1,0,1
atteindre,0,1,0,1
mettre,0,2,0,2
objectifs,0,1,0,1
politiques,2,1,0,3
énormément,0,1,0,1
éoliennesils,0,1,0,1
axes,0,1,0,1
community,0,1,0,1
manager,0,1,0,1
travailler,0,1,0,1
Togovise,1,0,0,1
lélectricité,1,0,0,1
part,1,0,0,1
Interdiction,0,0,1,1
chiens,0,0,1,1
colliers,0,0,1,1
léducation,0,0,1,1
pointes,0,0,1,1
Atlanticofr,0,2,0,2
position,0,3,0,3
Compterendu,1,0,0,1
Lécologie,3,1,1,5
Reporterre,2,0,1,3
cœur,1,0,0,1
reconstruction,1,0,0,1
rencontre,1,0,0,1
Forum,1,1,0,2
Ah,0,0,3,3
balcon,0,0,1,1
dessus,0,0,1,1
ecologiste,0,0,1,1
jai,1,2,1,4
lau,0,0,1,1
monter,0,0,1,1
pissé,0,0,1,1
réussi,0,0,1,1
serieux,0,0,1,1
spiderman,0,0,1,1
tas,0,1,1,2
cause,0,2,0,2
express,0,1,0,1
lorient,0,1,0,1
malade,0,1,0,1
mdrr,0,1,0,1
soir,0,1,0,1
suis,2,3,1,6
sûre,0,1,0,1
GaultierBes,0,0,1,1
Gavage,0,0,1,1
Noslimites,0,0,1,1
cachée,0,0,1,1
consumérisme,0,0,1,1
déchéance,0,0,1,1
face,1,0,1,2
eaux,0,1,0,1
linstant,0,1,0,1
CyrilleGiraud,0,0,1,1
cette,0,3,1,4
dure,0,0,1,1
farce,0,0,1,1
nourrit,0,0,1,1
problèmes,1,0,2,3
répond,0,0,1,1
DrOuiOui,0,1,0,1
LArnal,0,1,0,1
amibenbaert,0,1,0,1
coin,0,2,0,2
dépendre,0,1,0,1
ten,0,1,0,1
vois,0,1,0,1
abandonnés,0,0,3,3
desécologistes,0,0,1,1
inquiètent,0,0,1,1
puits,0,0,3,3
décologie,2,0,2,4
souci,0,0,2,2
éclairer,1,0,1,2
CRD,0,1,0,1
Kaolack,0,1,0,1
lalphabétisation,0,1,0,1
menu,0,1,0,1
nationale,0,1,0,1
semaine,0,1,1,2
Cc,0,1,0,1
DessousDeMarine,0,1,0,1
Masshepard,0,1,0,1
Nantes,0,1,0,1
pendant,0,2,1,3
pub,0,1,0,1
reseautan,0,1,0,1
LeFigaro,0,0,1,1
chauvessouris,0,0,1,1
tueuses,0,0,1,1
Isère,1,0,0,1
Loup,1,0,0,1
autorise,1,0,0,1
cet,2,0,2,4
chasse,1,0,0,1
ouverte,1,0,0,1
préfet,1,0,1,2
prélèvement,1,0,0,1
tir,1,0,0,1
Chantecaille,0,0,1,1
connaissais,0,0,1,1
marque,0,0,1,1
palette,0,0,1,1
peine,0,0,1,1
trois,0,2,1,3
voilà,0,0,2,2
amandineroubi,0,1,0,1
dherbe,0,1,0,1
lagriculture,0,1,0,1
mdrrr,0,1,0,1
pays,2,2,1,5
plein,0,2,0,2
raison,0,1,1,2
chères,1,0,0,1
minimaisons,1,0,0,1
mode,2,1,0,3
polQC,1,0,0,1
Yassine,1,0,0,1
beau,1,0,1,2
cst,1,0,0,1
faute,1,0,0,1
faim,0,1,0,1
securitealimentaire,0,1,0,1
urbanisation,0,1,0,1
vivrons,0,1,0,1
BTP,1,0,1,2
Energies,1,2,0,3
mieux,1,0,1,2
CeMonde,0,0,1,1
OliOrsel,0,0,1,1
contraire,0,1,1,2
espece,0,0,2,2
scorpion,0,0,1,1
Jour,1,0,0,1
convictions,1,0,0,1
enterrée,1,0,0,1
félicite,1,0,0,1
humourUS,1,0,0,1
lEcotaxe,1,0,0,1
oú,1,0,0,1
Tsss,0,1,0,1
automatiquement,0,1,0,1
multiprise,0,1,0,1
rallume,0,1,0,1
réveillée,0,1,0,1
télé,0,1,0,1
vdm,0,1,0,1
bretons,1,0,0,1
casseurs,1,0,0,1
celle,1,0,0,1
force,1,0,0,1
leçon,1,0,0,1
renoncement,1,0,0,1
routiers,1,0,0,1
super,2,0,0,2
victoires,1,0,0,1
colombiens,1,0,0,1
producteurs,1,0,0,1
riz,1,0,0,1
HF,0,1,0,1
Offre,0,1,0,1
Responsable,0,1,0,1
Traitement,0,1,0,1
demploi,0,1,0,1
DenisBaupin,1,2,0,3
endroit,1,0,0,1
installer,1,0,1,2
vent,1,0,0,1
chauds,0,1,0,1
froids,0,1,0,1
meurent,0,1,0,1
travail,0,1,0,1
Impliquer,1,0,0,1
créoles,1,0,0,1
expérimentés,1,0,0,1
jeunes,2,0,0,2
nombreux,1,0,0,1
permettrais,1,0,0,1
résoudre,1,0,0,1
réunionnais,1,0,0,1
agroalimentaire,0,0,1,1
food,0,0,1,1
france,0,0,1,1
fromage,0,0,2,2
industrie,0,0,1,1
menacée,0,0,3,3
Déplacement,0,1,0,1
Ministre,0,1,1,2
lÉcologie,0,1,1,2
KEMPFHERVE,1,0,0,1
négociations,1,1,0,2
reparties,1,0,0,1
décolo,0,0,1,1
froid,0,3,1,4
gauchiste,0,0,1,1
passée,0,0,1,1
preuve,0,0,1,1
Escroquerie,0,0,1,1
anthropique,0,0,1,1
consensus,0,0,1,1
exposée,0,0,1,1
fadaise,0,0,1,1
NewYork,0,0,1,1
on,3,3,6,12
rues,0,0,1,1
Bestof,0,1,0,1
gratteciels,0,1,0,1
DIRECT,0,2,0,2
Gard,0,1,0,1
Intempéries,0,1,0,1
Météo,0,1,0,1
alerte,0,1,0,1
départements,0,1,0,1
orange,0,1,0,1
placé,1,1,0,2
rouge,0,1,0,1
vendredi,0,2,0,2
Facebook,0,2,0,2
Social,0,2,0,2
Écosystème,0,1,0,1
Piggot,1,0,0,1
autoconstruites,1,0,0,1
méthode,1,0,0,1
selon,1,1,0,2
CascadesDD,1,0,0,1
carton,1,1,0,2
devrais,1,0,0,1
karynpoupee,1,1,0,2
rouleau,1,1,0,2
lexTerminator,0,1,0,1
àlElysée,0,1,0,1
aéroports,1,0,0,1
devoir,1,0,0,1
réduire,2,0,0,2
Lanka,0,0,1,1
Sri,0,0,1,1
actuels,0,0,1,1
direct,0,0,1,1
enfants,0,0,1,1
environnement,0,1,3,4
futurs,0,0,1,1
impacts,1,0,1,2
LED,0,2,0,2
Lampe,0,1,0,1
Lumièr,0,2,0,2
Lénergie,2,3,1,6
détecteur,0,2,0,2
mouvement,0,3,0,3
éclairage,0,2,0,2
durables,1,0,0,1
etou,1,0,0,1
oui,2,0,0,2
RTLfr,1,0,0,1
bruyantes,1,0,0,1
hibou,1,0,0,1
Tunisie,1,0,0,1
accroitre,1,0,0,1
lautoconsommation,1,0,0,1
production,1,4,0,5
soleil,1,0,0,1
Gabon,0,1,0,1
Lecologie,0,1,0,1
jusquici,0,1,0,1
limite,0,1,0,1
sais,0,1,0,1
Kurjetsu,0,0,1,1
féministe,0,0,1,1
littérature,0,0,1,1
mabuse,0,0,1,1
taimes,0,0,1,1
Championship,0,1,0,1
YouTube,0,1,0,1
coulisses,0,1,0,1
lEvian,0,1,0,1
scores,0,1,0,1
Nouvel,0,0,1,1
Observateu,0,0,1,1
Révolte,0,0,1,1
champs,0,0,1,1
construction,0,0,1,1
déoliennes,0,1,2,3
mexicains,0,0,1,1
morts,0,0,1,1
suspectes,0,0,1,1
FactureEnergetique,0,1,0,1
George,0,1,0,1
PauLangevin,0,1,0,1
TransitionEnergetique,0,1,0,1
visite,0,2,0,2
Givebox,1,0,0,1
boite,1,0,0,1
donnez,1,0,0,1
fleurit,1,0,0,1
prenez,1,0,0,1
Filenergie,1,0,0,1
LIndonésie,1,0,0,1
rentabiliser,1,0,0,1
volcans,1,0,0,1
menace,0,0,1,1
moule,0,0,1,1
Aubert,0,1,0,1
FMI,1,1,0,2
J,0,1,0,1
Kobané,0,2,0,2
Macron,0,1,0,1
PolMat,0,1,0,1
Replay,0,1,0,1
madame,0,1,0,1
nytimes,0,1,0,1
présidente,0,1,0,1
prévisions,0,1,0,1
Alimentation,0,1,0,1
Jouet,0,1,0,1
Maquette,0,1,0,1
Modélisme,0,1,0,1
PCS,0,1,0,1
Papillon,0,1,0,1
Solaire,0,1,0,1
Cañete,0,1,1,2
Climat,0,1,1,2
commissaire,0,1,0,1
européen,0,3,1,4
jette,0,1,0,1
lÉnergie,0,1,1,2
progaz,0,1,0,1
pétrolier,0,2,1,3
maintien,4,0,0,4
qualitenr,1,0,0,1
rassure,2,0,0,2
Fête,1,0,0,1
dimanche,1,0,0,1
jusquà,1,0,0,1
terre,2,0,0,2
Dixneuvième,0,0,1,1
GIEC,0,1,1,2
fredwauters,0,0,1,1
fâcheux,0,0,1,1
plateau,0,0,1,1
Actualisation,0,1,0,1
fonds,0,2,0,2
manges,0,0,1,1
Hop,0,1,0,1
Japon,0,1,0,1
maopeninou,0,1,0,1
perezvitoria,0,1,0,1
entrepreneurs,2,0,0,2
lEnergie,1,0,1,2
satisfaits,2,0,0,2
Wake,0,1,0,1
an,0,2,0,2
call,0,1,0,1
causer,0,2,0,2
décès,0,2,0,2
numéro,0,1,0,1
up,0,1,0,1
simpliquent,1,0,0,1
Lîlot,0,1,0,1
Stories,0,1,0,1
dashdawai,0,1,0,1
is,0,1,0,1
out,0,1,0,1
balek,0,1,0,1
jmen,0,1,0,1
nn,0,1,0,1
stylinjawaad,0,1,0,1
Sud,1,1,0,2
consommation,0,1,0,1
journée,0,2,0,2
lAustralie,0,1,0,1
aiment,1,0,0,1
confirme,1,0,0,1
science,1,0,0,1
vue,1,1,1,3
MjsParis,0,1,0,1
Université,0,1,0,1
VIème,0,1,0,1
programme,0,2,0,2
rentrée,0,1,0,1
Économie,0,2,0,2
Giscard,1,0,0,1
Louis,1,0,0,1
action,1,0,0,1
dEstaing,1,0,0,1
favorables,1,0,0,1
maires,1,0,0,1
répertorié,1,0,0,1
voitures,1,2,0,3
CarloDiAntonio,0,1,0,1
arrière,0,1,0,1
environnementale,0,1,0,1
marche,0,1,0,1
priorités,0,1,0,1
Augmenter,1,0,0,1
Newelly,1,0,0,1
bol,1,0,0,1
chantant,1,0,0,1
photovoltaïques,2,0,0,2
rendement,2,0,0,2
sinspirant,1,0,0,1
tibétain,1,0,0,1
années,0,1,0,1
fini,0,1,0,1
quelques,0,2,0,2
répète,0,1,0,1
mhidmagdalakoff,0,1,0,1
parle,0,4,1,5
plutôt,0,1,1,2
sagit,0,2,0,2
Manihi,0,1,0,1
hautcommissaire,0,1,0,1
pensais,1,0,0,1
sellylis,1,0,0,1
CGLe,0,1,0,1
Otfried,0,1,0,1
Wissembourg,0,1,0,1
basrhin,0,1,0,1
collège,0,1,0,1
confort,1,0,0,1
USA,0,2,0,2
dinondations,0,2,0,2
oct,0,1,0,1
Niger,1,0,0,1
SABER,1,0,0,1
Togo,2,0,0,2
développer,1,0,0,1
pauvres,2,1,0,3
signent,1,0,0,1
CitizensideFR,0,0,1,1
Paris,0,0,1,1
Rassemblement,0,0,1,1
XIII,0,0,1,1
dIvryParis,0,0,1,1
dusine,0,0,1,1
traitement,1,1,1,3
CHSLD,0,1,0,1
Ecoperformance,0,1,0,1
Gracefield,0,1,0,1
Outaouais,0,1,0,1
chaudière,0,1,0,1
complété,0,1,0,1
dagir,1,1,0,2
CA,0,1,0,1
EVA,0,1,0,1
JOLY,0,1,0,1
VERITE,0,1,0,1
aucun,0,1,1,2
europe,0,1,0,1
fermés,0,1,0,1
réacteurs,0,1,0,1
activistes,0,0,1,1
actuellement,0,0,1,1
regarde,0,0,1,1
campus,0,2,0,2
histoire,3,1,0,4
petite,0,1,0,1
Alsace,0,1,0,1
Hebdo,0,1,0,1
Animaux,0,2,1,3
EspecesMenaces,0,0,1,1
Lescargot,0,0,1,1
disparition,0,1,2,3
mollusque,0,0,1,1
voie,1,0,2,3
Pologne,1,0,0,1
adopte,1,0,0,1
chienne,1,0,0,1
lionceau,1,0,0,1
Pinocchio,1,0,0,1
amisdelaterre,1,0,0,1
novembre,1,0,0,1
Médiapart,0,1,0,1
bpm,1,0,0,1
daccueillir,1,0,0,1
dactiviti,1,0,0,1
effektif,1,0,0,1
fiers,1,0,0,1
figure,1,0,1,2
founder,1,0,0,1
jbpm,1,0,0,1
présenter,1,0,0,1
tombaeyens,1,0,0,1
vision,1,0,0,1
Chronographe,0,2,0,2
Montre,0,2,0,2
SSCPfonctionnant,0,2,0,2
Seiko,0,2,0,2
acier,0,2,0,2
boîtier,0,2,0,2
bracelet,0,2,0,2
Daily,1,0,0,1
Geek,1,0,0,1
p,1,0,0,1
ropre,1,0,0,1
Blanc,0,1,0,1
Florens,0,1,0,1
Olivier,0,1,0,1
Préfet,0,1,0,1
Vaucluse,0,1,0,1
Yannick,0,1,0,1
conseiller,0,1,0,1
général,1,1,0,2
livetweet,0,1,0,1
partir,0,2,0,2
existe,0,1,0,1
lHomme,0,1,0,1
Caillat,0,0,1,1
Sophie,0,0,1,1
lécolofashionista,0,0,1,1
noir,0,0,1,1
vêtements,0,0,1,1
PontsurSambre,0,1,0,1
américain,0,1,0,1
pension,0,1,0,1
rachetée,0,1,0,1
Fontenoy,1,0,0,1
Maud,1,0,0,1
centre,1,0,0,1
locéan,1,0,0,1
préoccupations,1,0,0,1
replacer,1,0,0,1
océan,0,0,1,1
hop,0,1,0,1
proposition,0,1,0,1
pyconfr,0,1,0,1
dinformation,0,1,0,1
lettre,0,1,0,1
ministèrevia,0,1,0,1
MONARQUE,0,1,0,1
PLUS,0,2,0,2
SARKOZY,0,1,0,1
FontaineDaniel,1,0,0,1
Loi,1,0,0,1
social,1,0,0,1
utopie,1,0,0,1
TDerville,0,0,1,1
cloches,0,0,1,1
cochonsrurbains,0,0,1,1
coqsrondspointsgrandes,0,0,1,1
interdisant,0,0,1,1
punks,0,0,1,1
sol,0,0,1,1
surfacesvoilées,0,0,1,1
Éoliennesusines,0,0,1,1
II,0,0,1,1
chômeurs,0,0,2,2
dur,0,0,1,1
gvt,1,0,1,2
insecticides,0,0,1,1
néonicotinoïde,0,0,1,1
sauvées,0,0,1,1
seraient,0,0,1,1
gaspiller,1,0,0,1
kthyCest,1,0,0,1
papier,1,0,0,1
vrai,1,0,0,1
ECOLOGISTE,0,1,0,1
ECONOMIE,0,1,0,1
FUTURE,0,1,0,1
ITAU,0,1,0,1
MARINASILVA,0,1,0,1
MINISTRE,0,1,0,1
NECASETUBAL,0,1,0,1
PSEUDO,0,1,0,1
banque,0,1,0,1
banquière,0,1,0,1
brésilienne,0,1,0,1
riche,0,1,0,1
LesEnR,2,0,0,2
Territoire,1,0,0,1
Territoires,1,0,0,1
Jujuwar,0,1,0,1
bouche,0,1,0,1
ouvres,0,1,0,1
NHulot,1,0,1,2
VilleSaintMalo,0,0,1,1
esprits,0,0,1,1
pépinière,0,0,1,1
semer,0,0,1,1
éviter,0,0,1,1
Afrique,1,1,0,2
Laccaparement,0,1,0,1
terres,0,1,0,1
charbon,0,0,1,1
moche,0,0,1,1
pue,0,0,1,1
café,0,1,1,2
mettrez,0,1,0,1
ANTIGMT,0,1,0,1
JAMAIS,0,1,0,1
falloir,0,1,0,1
gouvernement,1,1,2,4
prenne,0,1,0,1
queue,0,1,0,1
tapent,0,1,0,1
ticket,0,1,0,1
Montpellier,0,1,0,1
TerreLR,0,1,0,1
emploi,0,2,0,2
naturaliste,0,1,0,1
parlent,0,1,0,1
Blancier,0,1,0,1
capsules,0,1,0,1
conçues,0,1,0,1
decafé,0,1,0,1
montres,0,1,0,1
Bruxelles,1,0,1,2
Sibelga,0,0,1,1
déconseille,0,0,1,1
reportage,0,0,1,1
Viadeo,0,1,0,1
profil,0,1,0,1
Firefox,0,0,1,1
Mozilla,0,0,1,1
Quebec,0,0,1,1
manquer,0,0,1,1
réduction,0,0,1,1
Alternatiba,0,1,0,1
citoyen,0,1,0,1
Accessoires,1,0,0,1
Brazil,1,0,0,1
FabianaBezerra,1,0,0,1
bijoucheveu,1,0,0,1
cheveux,1,0,0,1
ecologiques,2,0,0,2
raffinés,1,0,0,1
CONTACT,0,1,0,1
SaintElzéardeBonaventure,0,1,0,1
chalets,0,1,0,1
coopérative,0,1,0,1
fabriquera,0,1,0,1
solidarité,0,1,0,1
Bernay,0,1,0,1
Chantal,0,1,0,1
Eure,0,1,0,1
Hervé,0,1,0,1
Maurey,0,1,0,1
commission,1,1,1,3
reçoit,0,1,0,1
rude,0,0,1,1
lexpansion,0,1,0,1
ralentissement,0,1,0,1
Chine,2,0,0,2
renforcée,1,0,0,1
Opposée,0,0,1,1
accroc,0,0,1,1
arrivée,0,0,1,1
date,0,1,1,2
longue,0,1,1,2
punitiv,0,0,1,1
Écotaxe,0,0,1,1
me,1,0,3,4
nexiste,0,0,1,1
Fac,0,1,0,1
aujourdhui,0,1,0,1
decologie,0,1,0,1
ok,0,1,0,1
stp,0,1,0,1
tp,0,1,0,1
Wisibility,1,0,0,1
design,1,0,0,1
décosystème,2,0,0,2
ficelé,1,0,0,1
graphique,1,0,0,1
graphisme,1,0,0,1
musical,1,0,0,1
Atelier,0,1,0,1
Pôle,0,1,0,1
nouvelles,1,1,0,2
poleIAR,0,1,0,1
poleemploi,0,1,0,1
stand,0,1,0,1
bourdindirect,1,0,0,1
bâtiment,1,0,0,1
damélioration,1,0,0,1
logements,2,0,0,2
relancer,1,0,0,1
thermique,1,0,0,1
travaux,1,0,0,1
Joan,1,0,0,1
MartinezAlierSon,1,0,0,1
compatible,1,0,0,1
lire,1,1,0,2
marchéassure,1,0,0,1
Corruption,0,0,1,1
coûtent,0,0,1,1
idéologique,0,0,1,1
paysages,0,0,1,1
polluent,0,0,2,2
scandale,0,0,1,1
SoloNiare,1,0,0,1
douce,1,0,0,1
jespère,1,0,0,1
lécologiste,2,0,0,2
EnR,1,1,0,2
augmenter,0,1,0,1
baisser,0,1,1,2
celui,1,1,0,2
combustibles,0,1,0,1
coût,0,1,0,1
fossiles,0,1,0,1
Testet,1,2,0,3
bataille,1,0,1,2
humide,1,0,0,1
sauver,2,0,1,3
zone,1,0,0,1
aides,1,0,0,1
AssembleeNat,1,0,0,1
adopté,1,0,0,1
enjeux,2,0,0,2
André,1,0,0,1
Première,2,0,0,2
Réunion,1,1,0,2
dépollution,1,0,0,1
inaugurée,1,0,0,1
unité,1,0,0,1
HauteSavoie,0,0,1,1
Polémique,0,0,1,1
bouquetins,0,1,1,2
con,0,0,1,1
labattage,0,0,1,1
massif,0,0,1,1
Chômage,0,0,1,1
Star,0,0,1,1
américaine,0,0,1,1
elisaouglaudefaute,0,0,1,1
réussite,1,0,1,2
fier,1,0,0,1
montrer,1,1,0,2
Commission,1,1,1,3
Elisabeth,0,2,0,2
Guigou,0,1,0,1
UE,2,1,0,3
candidate,0,1,0,1
poste,0,1,0,1
VallsIl,0,0,1,1
arrêter,0,0,1,1
cadres,0,0,1,1
fiscalité,0,0,1,1
lentreprise,0,1,1,2
linflation,0,0,1,1
normes,0,0,1,1
pasdaimer,0,0,1,1
suffit,0,0,1,1
FrancoiseChard,0,1,0,1
continue,0,2,0,2
copains,0,1,0,1
dabord,0,1,0,1
JJBourdinRMC,0,2,0,2
RMCinfo,0,1,0,1
lexemple,0,1,0,1
portail,0,1,0,1
quà,1,1,0,2
taxé,0,1,0,1
perdue,0,0,1,1
clés,0,1,0,1
coopératives,0,1,0,1
lune,0,1,0,1
Phenacit,1,0,0,1
fournit,1,0,0,1
éolienne,2,0,2,4
NathalieBordeau,0,1,0,1
coûtera,0,1,0,1
monétaire,0,1,0,1
terme,1,1,0,2
Merci,1,0,1,2
Werchter,0,0,1,1
accélère,0,0,1,1
lecho,0,0,1,1
carrés,1,0,0,1
kilomètres,1,0,0,1
LT,0,0,1,1
Rappelons,0,0,1,1
factures,0,0,1,1
fortune,0,0,1,1
rentables,0,0,1,1
taxe,0,1,2,3
vos,0,0,1,1
Formation,0,1,0,1
Photovoltaïque,0,1,0,1
thème,0,1,0,1
webmanagercenter,0,1,0,1
Defensiveend,0,1,0,1
IledeFrance,0,2,0,2
Pollution,0,1,1,2
pic,0,1,0,1
ÎledeFrance,0,1,0,1
bébés,1,1,0,2
dton,0,1,0,1
gars,0,1,0,1
mecs,0,1,0,1
toi,0,1,0,1
vélos,0,1,0,1
âge,0,1,0,1
Folle,0,0,1,1
Journée,0,0,1,1
Nancy,0,0,1,1
Weekend,0,0,1,1
archiludique,0,0,1,1
chiffres,0,1,0,1
Ecobole,1,0,0,1
dédiée,1,0,0,1
démarches,1,0,0,1
écoresponsables,1,0,0,1
Création,2,0,0,2
Trois,1,0,0,1
africaines,1,0,0,1
mondial,1,1,0,2
partagée,1,0,0,1
récompensées,1,0,0,1
valeur,1,0,0,1
Amazon,2,0,0,2
Kindle,1,0,0,1
Netflix,2,0,0,2
Numériques,1,0,0,1
Unlimited,1,0,0,1
livre,2,1,0,3
Rabat,1,0,0,1
Théâtre,1,0,0,1
culturel,1,0,0,1
denvergure,1,0,0,1
ouvrage,1,0,0,1
Bonjour,0,1,0,1
Jiyé,0,1,0,1
Liban,0,1,0,1
Méditerranée,0,1,0,1
bombarde,0,1,0,1
israel,0,1,0,1
juillet,0,2,0,2
marée,0,1,0,1
provoque,0,1,0,1
Reciclar,0,1,0,1
biodiesel,0,1,0,1
biodièsel,0,1,0,1
ferne,0,1,0,1
loli,0,1,0,1
mediambient,0,1,0,1
oli,0,1,0,1
per,0,1,0,1
usat,0,1,0,1
GrosCacouna,0,1,0,1
Port,0,1,0,1
conforme,0,1,0,1
principe,0,1,1,2
alliés,0,0,1,1
critiques,0,0,1,1
itele,0,0,1,1
jccambadelis,0,0,1,1
lensemble,0,0,1,1
sils,0,0,1,1
hà,0,1,0,1
Figures,0,1,0,1
Genève,0,1,0,1
Près,0,1,0,1
fronts,0,1,0,1
lecologie,0,1,0,1
limaginaire,0,1,0,1
Cattenom,0,1,0,1
Lunité,0,1,0,1
alimente,0,1,0,1
national,0,2,0,2
nde,0,1,0,1
réseau,0,2,0,2
Copenhague,0,1,0,1
Endomondo,0,1,0,1
létoile,0,1,0,1
montante,0,1,0,1
startups,0,3,0,3
Citadelle,1,0,0,1
Shiva,1,0,0,1
Tejas,1,0,0,1
besançon,1,0,0,1
couple,1,0,0,1
fraterie,1,0,0,1
lions,1,0,0,1
nés,1,0,0,1
abordable,1,0,0,1
respectueux,2,0,0,2
seule,1,0,1,2
BOIS,0,1,0,1
Bulgarie,0,1,0,1
Correze,0,1,0,1
ECOLOGIQUE,0,1,0,1
MAISON,0,1,0,1
Maisons,0,1,0,1
Novella,0,1,0,1
OSSATURE,0,1,0,1
implantée,0,1,0,1
spéciali,0,1,0,1
globalwarming,0,1,0,1
of,0,1,0,1
video,0,1,0,1
years,0,1,0,1
Blandin,0,0,1,1
INFO,0,0,1,1
Marie,0,0,1,1
OBS,0,0,1,1
Verts,1,0,1,2
historique,0,0,1,1
sénatrice,0,0,1,1
LaPoste,0,1,0,1
global,0,1,0,1
pensé,0,1,0,1
finalise,1,0,0,1
lÉtat,1,0,0,1
soutien,2,1,0,3
subventions,2,0,0,2
tblosseville,1,0,0,1
Libertagia,0,1,0,1
Power,0,1,0,1
produits,0,2,0,2
proposé,0,1,0,1
Crown,0,1,0,1
Haute,0,1,0,1
Nicepatrickallemand,0,1,0,1
Performance,0,1,0,1
labellisation,0,1,0,1
limmeuble,0,1,0,1
Énergétique,0,1,0,1
Parlement,0,1,1,2
Pendant,0,1,0,1
europeecologie,0,1,0,1
laventure,0,1,0,1
INFOS,0,1,0,1
Makemo,0,1,0,1
TAHITI,0,1,0,1
financière,0,1,0,1
perfusion,0,1,0,1
Aux,0,0,1,1
EtatsUnis,0,0,1,1
emmerder,0,0,1,1
plaisir,0,0,1,1
écolos,0,0,1,1
Citoyenne,0,1,0,1
Compte,0,1,0,1
Ecologiste,0,1,0,1
Lorient,0,1,0,1
Municipal,0,1,0,1
Solidaire,0,1,0,1
lUnion,0,1,0,1
rendu,0,1,0,1
LeDarou,1,0,0,1
LolaVenez,1,0,0,1
Washington,1,0,0,1
donnaient,1,0,0,1
gagnante,1,0,0,1
genres,1,0,0,1
mêmes,1,1,0,2
presque,1,0,0,1
sondages,1,0,0,1
ClaraPnr,1,0,0,1
intéressant,2,0,0,2
naturelle,1,0,0,1
pense,2,0,0,2
Lepeltier,0,1,0,1
Serge,0,1,0,1
ambassadeur,0,1,0,1
ancien,0,1,0,1
chargé,0,1,0,1
EBPPRO,0,1,0,1
Leclanché,0,2,1,3
NEWS,0,1,0,1
lEPFL,0,2,1,3
testent,0,1,0,1
CACTUS,0,1,0,1
Découvrez,0,1,0,1
ladaptation,0,1,0,1
littoral,0,1,0,1
outil,0,1,0,1
Brésil,0,1,0,1
création,0,1,0,1
demplois,0,1,0,1
leader,0,1,0,1
matière,0,1,0,1
alternatives,0,1,0,1
economielocale,0,1,0,1
sinstalle,0,1,0,1
solidaire,0,2,0,2
village,0,1,1,2
Arias,0,0,1,1
Miguel,0,0,1,1
Nommé,0,0,1,1
foudre,0,0,1,1
lEspagnol,0,0,1,1
subi,0,0,1,1
B,0,1,0,1
Quévy,0,1,0,1
gorge,0,1,0,1
raisin,0,1,0,1
s,0,1,0,1
saveurs,0,1,0,1
vendanges,0,1,0,1
Afropages,0,1,0,1
Conclave,0,1,0,1
LeMatinMa,0,1,0,1
Marrakech,0,1,0,1
Sénat,1,0,0,1
Vive,1,0,0,1
amies,1,0,0,1
centristes,1,0,0,1
corbeille,1,0,0,1
courage,1,0,0,1
mariés,1,0,0,1
remplie,1,0,0,1
Scandale,0,0,1,1
conflits,0,0,1,1
dintérêts,0,0,1,1
élus,0,0,1,1
LAustralie,0,0,1,1
abolit,0,0,1,1
absolue,0,0,1,1
carbone,0,0,1,1
sottise,0,0,1,1
CTO,0,3,0,3
HenriVerdier,0,2,0,2
SLeGoff,0,1,0,1
linterface,0,2,0,2
létat,0,2,0,2
mandonthierry,0,2,0,2
DONNER,0,1,0,1
FRANCE,0,1,0,1
IMAGE,0,1,0,1
innovent,0,1,0,1
stocker,0,1,1,2
gorilles,1,0,0,1
jungle,1,0,0,1
ougandaise,1,0,0,1
protège,2,0,0,2
Villejuif,0,1,0,1
chose,1,0,0,1
deau,2,0,0,2
lhôtel,1,0,0,1
quelque,1,0,0,1
utilisée,1,0,0,1
vraiment,2,0,1,3
Dhabitude,0,1,0,1
moin,0,1,0,1
mois,1,2,0,3
vacances,0,1,0,1
Développer,1,0,0,1
Nos,1,0,0,1
Chef,0,1,0,1
Entreprisefutur,0,1,0,1
digitalisemoi,0,1,0,1
HaitiNewsNet,0,0,1,1
Demain,0,0,1,1
Départ,0,0,1,1
MTL,0,0,1,1
bélugas,0,0,2,2
dextinction,0,0,1,1
manif,0,0,1,1
reste,1,1,1,3
underwaterrealitygmailcom,0,0,1,1
Limportance,0,1,0,1
hydroélectriques,0,1,1,2
moulage,0,1,0,1
savoir,1,1,0,2
turbin,0,1,0,1
turbines,0,1,0,1
Auch,1,0,0,1
Biogaz,1,0,0,1
CGmidipyrenees,1,0,0,1
emplois,1,1,0,2
villedauch,1,0,0,1
Actuenviro,0,1,0,1
PLTE,0,1,0,1
arrive,0,1,0,1
gouvernementFR,0,1,0,1
lanoefred,0,1,0,1
lui,0,1,0,1
rassemble,0,1,0,1
Régalezvous,1,0,0,1
glutennaturelle,1,0,0,1
musclée,1,0,0,1
qualité,1,0,0,1
recette,1,0,0,1
saine,1,0,0,1
Freddy,0,1,0,1
Malaysie,0,1,0,1
lesaviezvous,0,1,0,1
marin,0,1,0,1
Dalipas,0,1,0,1
batteries,0,1,0,1
garder,0,1,0,1
sait,0,1,0,1
sauf,0,1,0,1
servent,0,1,0,1
Jardin,0,1,0,1
Jardins,0,1,0,1
Senat,1,0,0,1
constituée,1,0,0,1
Carbone,1,0,0,1
ademe,1,0,0,1
document,1,0,0,1
lagroécologie,1,0,0,1
organique,1,0,0,1
sols,1,0,0,1
Transition,1,1,0,2
actuenviro,1,0,0,1
LEAA,1,0,0,1
appuie,1,0,0,1
rédu,1,0,0,1
GERES,0,1,0,1
Solidarité,0,1,0,1
Approche,0,1,0,1
globale,0,2,0,2
personne,0,2,0,2
Commissions,0,1,0,1
intercommunales,0,1,0,1
laccessibilité,0,1,0,1
laccessibilitévia,0,1,0,1
locaux,0,1,0,1
observatoires,0,1,0,1
Bryan,0,1,0,1
Cet,0,1,0,1
GlobalSoundscape,0,1,0,1
LesClesDeDemain,0,1,0,1
Pijanowski,0,1,0,1
Terre,1,1,0,2
sons,0,1,0,1
écoute,0,1,0,1
Finalement,0,0,1,1
GermainTreill,0,0,1,1
cont,0,0,1,1
hélas,0,0,1,1
Gaullistenucléaire,1,0,0,1
Cour,0,0,5,5
Déplorable,0,0,1,1
TransCanada,0,0,5,5
rejette,0,0,5,5
requête,0,0,5,5
laustérité,0,0,1,1
na,1,1,1,3
problème,0,0,1,1
sein,0,0,1,1
algrap,1,0,0,1
changer,1,0,0,1
économie,1,0,0,1
Limplantation,0,0,1,1
Saumuroi,0,0,1,1
croit,0,0,1,1
engins,0,0,1,1
fou,0,0,1,1
quatre,0,0,1,1
coté,0,1,0,1
ouf,0,1,0,1
pleins,0,1,0,1
spot,0,1,0,1
Via,0,1,1,2
climatiqueimages,0,1,0,1
jfperron,0,1,0,1
mythe,0,1,0,1
prouvent,0,1,0,1
satellites,0,1,0,1
Conf,0,1,0,1
Laville,0,1,0,1
Linnovation,0,1,0,1
Mme,0,1,0,1
RSE,1,1,0,2
frontière,0,1,0,1
technologies,1,0,0,1
bcp,1,0,0,1
dutiliser,1,0,0,1
jakaarloje,1,0,0,1
perdre,1,0,0,1
peuple,1,0,0,1
sénégalais,1,0,0,1
Conso,0,1,0,1
Experte,0,1,0,1
Inno,0,1,0,1
Intl,0,1,0,1
MyMaestroni,0,1,0,1
RIVE,0,1,0,1
Rencontres,0,1,0,1
SalonAuto,0,1,0,1
Voit,0,1,0,1
km,0,1,0,1
EDFofficiel,0,0,1,1
NurunFrance,0,0,1,1
compétition,0,0,1,1
confie,0,0,1,1
digital,0,0,1,1
lagence,0,0,1,1
refonte,0,0,1,1
Jsuis,0,1,0,1
alliwantisyouu,0,1,0,1
ltrip,0,1,0,1
po,0,1,0,1
scusez,0,1,0,1
shootmehigher,0,1,0,1
Exaptation,1,0,0,1
entreprise,1,1,0,2
rendre,1,0,0,1
CEA,1,0,0,1
biocarburant,1,0,0,1
davancer,1,0,0,1
validée,1,0,0,1
Hulot,1,0,0,1
Nicolas,1,0,0,1
Wyoming,1,0,0,1
dort,1,0,0,1
géant,1,0,0,1
sexprime,1,0,0,1
ClimateDiploDay,1,0,0,1
Ensemble,1,0,0,1
GermanyinGreece,1,0,0,1
ambafrangrece,1,0,0,1
ukingreece,1,0,0,1
kesbutters,0,1,0,1
DirectAN,1,1,1,3
lexpérimentation,1,0,0,1
Eau,1,0,0,1
Plan,1,0,0,1
adaptonsnous,1,0,0,1
anticiper,1,0,0,1
interrégions,1,0,0,1
Carburants,0,0,1,1
SophieChapelle,0,0,1,1
lobby,0,0,1,1
polluants,0,0,1,1
remporte,0,0,1,1
OMS,0,1,0,1
rt,0,1,0,1
AUTORITAIRE,0,0,1,1
COMPENSÉES,0,0,1,1
CONSTITUTION,0,0,1,1
DAUTORITÉampquot,0,0,1,1
ampquotABSENCE,0,0,1,1
ampquotINCOHÉRENCESampquot,0,0,1,1
Budget,0,1,0,1
diète,0,1,0,1
dentretien,0,1,0,1
ecodoo,0,1,0,1
gamme,0,1,0,1
ménager,0,1,0,1
adapter,1,0,0,1
photovoltaïque,1,0,0,1
solutions,1,0,0,1
extrêmes,0,0,1,1
neige,0,0,1,1
tempêtes,0,0,1,1
toujoursprésentes,0,0,1,1
Barrage,1,0,1,2
Ouagadougou,0,0,1,1
Tanghin,0,0,1,1
densablement,0,0,1,1
menacé,0,0,1,1
pôle,0,0,1,1
bosse,0,0,1,1
carre,0,0,1,1
déjà,0,0,1,1
espagnol,0,0,1,1
jen,0,0,1,1
jvous,0,0,1,1
loignon,0,0,1,1
quen,1,0,1,2
raconte,0,0,1,1
CLIMATIQUE,1,0,0,1
Mondoblog,1,0,0,1
RECHAUFFEMENT,1,0,0,1
RFI,1,0,0,1
dAfrique,1,0,0,1
davoir,1,0,0,1
peuvent,1,0,0,1
u,1,0,0,1
vanter,1,0,0,1
Équatoriale,1,0,0,1
lindifférence,0,0,1,1
Maplanète,0,0,1,1
ParisSaclay,0,1,0,1
candidats,0,1,0,1
profonde,0,1,0,1
retenus,0,1,0,1
ExxonMobil,0,0,1,1
Rosneft,0,0,1,1
berceau,0,0,1,1
menacent,0,0,1,1
ours,0,0,1,1
polaires,0,0,1,1
préoccupent,0,0,2,2
bloquer,0,0,1,1
lplapresse,0,0,1,1
recours,0,0,1,1
Kangoo,0,1,0,1
RenaultZE,0,1,0,1
Uruguay,0,1,0,1
livrés,0,1,0,1
premiers,0,1,0,1
Lécole,1,0,0,1
Préfère,1,0,0,1
capitalisme,1,0,0,1
cours,1,0,0,1
nenseigne,1,0,0,1
Jouzel,0,1,0,1
léchelle,0,1,0,1
regarder,0,1,0,1
équivoque,0,1,0,1
canular,1,0,0,1
capter,1,0,0,1
mexicain,1,0,0,1
parvenu,1,0,0,1
remplacer,1,0,0,1
tournesols,1,0,0,1
Rapport,0,2,0,2
agriculture,0,1,0,1
dévaluation,0,1,0,1
implications,0,1,0,1
Bulli,0,1,0,1
Cap,0,1,0,1
Creus,0,1,0,1
Foundation,0,1,0,1
Manifest,0,1,0,1
al,0,1,0,1
contra,0,1,0,1
dEl,0,1,0,1
ecologistes,0,2,0,2
el,0,1,0,1
entitats,0,1,0,1
projecte,0,1,0,1
Mali,0,1,0,1
Ouest,0,1,0,1
africains,0,1,0,1
mali,0,1,0,1
parties,0,1,0,1
rang,0,1,0,1
serré,0,1,0,1
Département,0,1,0,1
invitation,0,1,0,1
Lac,0,1,0,1
Rendezvous,0,1,0,1
dAnnecy,0,1,0,1
découverte,0,1,0,1
lac,0,1,0,1
Allemagne,2,0,0,2
valide,1,0,0,1
Selon,1,0,0,1
accordées,1,0,0,1
celles,1,0,0,1
pétrolières,1,0,0,1
supérieurs,1,0,0,1
Analyse,0,1,0,1
FrenchTech,0,1,0,1
mobilisation,0,1,0,1
Rostock,1,0,0,1
consultant,1,0,0,1
jassure,1,0,0,1
lt,1,0,0,1
notamment,1,0,0,1
allemand,0,0,1,1
apprend,0,0,1,1
genre,0,0,1,1
jpeux,0,0,1,1
jsais,0,0,1,1
min,0,0,1,1
trucs,0,0,1,1
Bikeathon,1,0,0,1
défend,1,0,0,1
vie,1,1,0,2
AssNat,0,0,1,1
PQc,0,0,1,1
BIO,0,1,0,1
Deloitte,0,1,0,1
REP,0,1,0,1
by,0,1,0,1
dharmonisation,0,1,0,1
niveau,0,1,0,1
réalisé,0,1,0,1
Baby,0,0,1,1
Drill,0,0,1,1
injonction,0,0,3,3
Unis,0,1,0,1
eldorado,0,1,0,1
friche,0,1,0,1
industrielle,0,1,0,1
pseudo,0,1,0,1
quétait,0,1,0,1
reviennent,0,1,0,1
États,0,1,0,1
gestes,0,1,0,1
sensibiliser,0,1,0,1
web,0,1,0,1
Amis,1,0,0,1
Ferroviaire,1,0,0,1
LyonTurin,1,0,0,1
contribuable,1,0,0,1
frais,1,0,0,1
pinocchio,1,0,0,1
NRJCanada,1,0,0,1
contribuer,1,0,0,1
détritus,1,0,0,1
mangeur,1,0,0,1
robot,1,1,0,2
Ulcéré,0,0,1,1
crocodile,0,0,1,1
larmes,0,0,1,1
lecotaxe,0,0,1,1
Cameroun,1,0,0,1
hydroélectrique,1,0,0,1
comprend,1,0,0,1
réaction,1,1,0,2
Chasse,0,2,0,2
Chasseurs,0,1,0,1
accidents,0,1,0,1
mortels,0,1,0,1
créer,1,0,0,1
européens,1,0,0,1
favorable,1,0,0,1
sefforcer,1,0,0,1
Bilan,0,0,1,1
PLTECV,0,1,1,2
annonces,0,0,1,1
invraisemblables,0,0,1,1
meurtrie,0,0,1,1
sort,0,0,1,1
Ghana,1,0,0,1
Kenya,1,0,0,1
Sénégal,1,0,0,1
TechForAfrica,1,0,0,1
meilleurs,1,0,0,1
EuropeÉcologistes,1,0,0,1
Réponse,1,0,0,1
discutent,1,0,0,1
négocient,1,0,0,1
maladies,0,0,1,1
metronews,0,0,1,1
multiplier,0,0,1,1
Vincent,1,0,0,1
acquis,1,0,0,1
main,1,0,0,1
mord,1,0,0,1
privilèges,1,0,0,1
QG,0,1,0,1
Syrie,0,1,0,1
forces,0,1,0,1
jihadistes,0,1,0,1
kurdes,0,1,0,1
pris,0,1,0,1
Archos,1,0,0,1
Home,1,0,0,1
Smart,1,0,0,1
connecter,1,0,0,1
facilité,1,0,0,1
permet,1,0,0,1
Jcap,0,1,0,1
Yen,0,1,0,1
conférences,0,1,0,1
gens,1,1,0,2
lycée,0,1,0,1
vienne,0,1,0,1
Europe,2,1,0,3
edasfr,0,1,0,1
HEIN,0,0,1,1
Veganosorus,0,0,1,1
fondamentale,0,0,1,1
lecologisme,0,0,1,1
oublié,0,0,1,1
peacenviolence,0,0,1,1
étape,0,0,1,1
Arrêter,1,0,0,1
Hier,1,0,0,1
acheté,1,0,0,1
bouteilles,1,0,0,1
dacheter,1,0,0,1
gourde,1,0,0,1
jolie,1,0,0,1
Flickr,0,1,0,1
doctobre,0,1,0,1
manger,0,1,0,1
pouvoir,0,1,1,2
tomates,0,1,0,1
Buzzcard,1,0,0,1
MicheleSABBAN,1,0,0,1
badges,1,0,0,1
fourni,1,0,0,1
française,1,1,0,2
lévénement,1,0,0,1
Belgique,0,0,1,1
empreinte,0,0,1,1
habitant,0,0,1,1
honte,0,0,1,1
podium,0,0,1,1
davantage,0,1,0,1
lannonce,0,1,0,1
lespèce,0,1,0,1
prochaine,0,1,0,1
provoquerais,0,1,0,1
lénergierenouvelable,1,0,0,1
Juncker,0,0,1,1
salarme,0,0,1,1
HydroQuébec,0,0,1,1
Lexportation,0,0,1,1
Points,0,0,1,1
boudée,0,0,1,1
profits,0,0,1,1
source,0,0,1,1
TGV,0,1,0,1
feront,0,1,0,1
rouler,0,1,0,1
lesechos,1,0,0,1
Brest,0,1,0,1
Energy,0,1,0,1
Marine,0,1,0,1
Sea,0,1,0,1
Week,0,1,0,1
liés,0,1,0,1
lors,0,1,0,1
présentés,0,1,0,1
réalisations,0,1,0,1
Amazonie,0,1,0,1
Conséquences,0,1,0,1
péruvienne,0,1,0,1
vagues,0,1,0,1
Ménage,0,0,1,1
Raffa,0,0,1,1
Rien,0,0,1,1
filles,0,0,1,1
règles,0,0,1,1
Arnold,0,1,0,1
lÉlysée,0,1,0,1
sinvite,0,1,0,1
Lui,1,0,0,1
aider,1,0,0,1
crosjulesMarshall,1,0,0,1
gros,1,0,0,1
plutot,2,0,0,2
préfère,1,0,0,1
quavoir,1,0,0,1
SAUR,0,1,0,1
dactivité,0,1,0,1
Faire,0,1,0,1
XXe,0,1,0,1
bienpensance,0,1,0,1
idées,0,1,0,1
passera,0,1,0,1
siècle,0,1,0,1
Vaud,0,0,1,1
cofinancé,0,0,1,1
lEtat,0,0,1,1
JeunesEcolos,0,1,0,1
lancé,0,1,0,1
local,0,1,0,1
lîle,0,1,0,1
KFDes,1,0,0,1
Article,1,1,0,2
Wear,1,0,0,1
erreurs,1,0,0,1
lancement,1,0,0,1
multiplie,1,0,0,1
Ban,1,0,0,1
Général,1,0,0,1
Kimoon,1,0,0,1
Nations,1,0,0,1
Secrétaire,1,0,0,1
Unie,1,0,0,1
changements,1,0,0,1
climatiques,1,0,0,1
Lindépendance,0,0,1,1
décologistes,0,0,1,1
supérieure,0,0,1,1
domine,0,1,0,1
ensoleillé,0,1,0,1
lAllemagne,0,1,0,1
ECOLOdep,0,1,0,1
combat,0,1,0,1
Dijon,0,1,0,1
Stage,0,1,0,1
permaculture,0,1,0,1
Jbien,1,0,0,1
PierreMenes,1,0,0,1
cfc,1,0,0,1
foot,1,0,0,1
meilleure,1,0,0,1
pros,1,0,0,1
émission,1,0,0,1
êtes,1,0,0,1
Taxe,0,1,0,1
UVCW,0,1,0,1
cadre,0,1,0,1
localgov,0,1,0,1
tombe,0,1,0,1
Corrompus,0,0,1,1
Protégés,0,0,1,1
bandits,0,0,1,1
corrompue,0,0,1,1
voleurs,0,0,1,1
Enlèvement,0,1,0,1
POUVOIR,0,1,0,1
SECTION,0,1,0,1
déchèteries,0,1,0,1
provenance,0,1,0,1
SaaSCloud,0,1,0,1
ccmsilver,0,1,0,1
connectés,0,1,0,1
négliger,0,1,0,1
objets,0,1,0,1
ronde,0,1,0,1
sursans,0,1,0,1
table,0,1,0,1
Lécotaxe,0,0,1,1
Royalcétait,0,0,1,1
S,0,0,1,1
défendu,0,0,1,1
dêtre,0,1,1,2
pourtant,0,0,1,1
supprimée,0,0,1,1
texte,0,0,1,1
romandie,1,0,0,1
ArnaudGossement,0,0,1,1
SallesEs,0,0,1,1
escroquerie,0,0,1,1
Gîtes,0,1,0,1
LotEtGaronne,0,1,0,1
baignadenaturelle,0,1,0,1
habitatgroupé,0,1,0,1
phytoépuration,0,1,0,1
vendre,0,1,0,1
Solly,0,1,0,1
génère,0,1,0,1
chômeurspourriez,0,0,1,1
décologieQu,0,0,1,1
emmacosse,0,0,1,1
occupez,0,0,1,1
svpvous,0,0,1,1
EtatRégions,0,1,0,1
contrats,0,1,0,1
effectifs,0,1,0,1
plan,0,1,0,1
NMEF,1,0,0,1
PINEL,1,0,0,1
ROYAL,1,0,1,2
Sylvia,1,0,0,1
décoconditionnalité,1,0,0,1
décret,1,0,0,1
signé,1,0,0,1
Clôture,0,1,0,1
candidatures,0,1,0,1
Pescalune,0,1,0,1
Pyrénées,0,1,0,1
retour,0,1,0,1
citoyenne,0,1,0,1
couleurs,0,1,0,1
participation,0,1,0,1
rencontres,0,1,0,1
repeintes,0,1,0,1
HoChiMinhVille,0,1,0,1
Vietnam,0,1,0,1
arbres,0,1,0,1
maisons,0,1,0,1
hollandaise,0,0,1,1
sauce,0,0,1,1
connecté,0,1,0,1
crématorium,0,1,0,1
récupèrent,0,1,0,1
pollue,0,0,1,1
rosselin,0,0,1,1
type,0,0,1,1
mort,0,1,0,1
question,0,1,0,1
Ok,0,0,1,1
cathgauthierLebugurbain,0,0,1,1
ignorée,0,0,1,1
moto,0,0,1,1
préjugés,0,0,1,1
systématiquement,0,0,1,1
Voici,0,1,0,1
bases,0,1,0,1
gtgt,0,1,0,1
linstallation,0,1,0,1
éléments,0,1,0,1
Défi,0,1,0,1
MateriauxInnov,0,1,0,1
Michel,0,2,0,2
Interdire,0,0,1,1
Bisphénol,0,0,1,1
cashinvestigation,0,0,1,1
constat,0,0,1,1
interdit,0,0,1,1
touche,0,0,1,1
Sommet,1,0,0,1
Soutien,1,0,0,1
marge,1,0,0,1
ds,0,0,1,1
façons,0,0,2,2
lpissenlit,0,0,1,1
ms,0,0,1,1
pls,0,0,1,1
qd,0,0,1,1
regret,0,0,1,1
serrez,0,0,1,1
tard,0,0,1,1
trp,0,0,1,1
ts,0,0,1,1
ttes,0,0,1,1
vache,0,0,1,1
vs,0,0,1,1
Banque,1,0,0,1
Maroc,1,0,0,1
mondiale,1,0,0,1
CitéGreen,0,0,1,1
IAU,0,0,1,1
nuls,0,0,1,1
îdf,0,0,1,1
FdeRugy,0,1,0,1
Loiret,0,1,0,1
Lubéron,0,1,0,1
lYonne,0,1,0,1
possible,0,1,0,1
Rjanime,1,0,0,1
économiques,1,0,0,1
ExAequo,0,0,1,1
animaux,0,0,1,1
den,0,0,1,1
lidéal,0,0,1,1
particulier,0,0,1,1
sauvages,0,0,1,1
HUBFORUM,1,0,0,1
important,1,0,0,1
largent,1,0,0,1
lentrepreneurgtlaccompagnement,1,0,0,1
travers,1,0,0,1
Refinancement,1,0,0,1
centralessolaires,1,0,0,1
Thévenoud,0,0,1,1
foutage,0,0,1,1
gueule,0,0,1,1
VotreEnergie,1,0,0,1
lepeuple,0,1,0,1
piège,0,1,0,1
Detinguts,0,1,0,1
Fèroe,0,1,0,1
dofins,0,1,0,1
illes,0,1,0,1
impedir,0,1,0,1
matança,0,1,0,1
volien,0,1,0,1
chauffent,0,0,1,1
principal,0,0,1,1
virant,0,0,1,1
Anywhere,0,1,0,1
Fridge,0,1,0,1
frigo,0,1,0,1
portable,0,1,0,1
pouviez,0,1,0,1
transporter,0,1,0,1
Lyon,0,1,0,1
Gestion,0,0,1,1
efficacitécoûtsSelon,0,0,1,1
entouré,0,0,1,1
gipelkfsSi,0,0,1,1
poserais,0,0,1,1
questions,0,0,1,1
te,0,0,1,1
vivrais,0,0,1,1
Daech,0,0,1,1
Lahcenhaddad,0,0,1,1
Sahara,0,0,1,1
démocratie,0,0,1,1
lhomme,0,0,1,1
menfiche,0,0,1,1
vrais,0,0,1,1
Halle,1,0,0,1
Pajol,1,0,0,1
endimanchés,1,0,0,1
MONTRÉAL,0,0,1,1
aller,0,0,1,1
caution,0,0,1,1
delphinebatho,0,0,1,1
fausse,0,0,1,1
Barefoot,1,0,0,1
Inde,1,0,0,1
college,1,0,0,1
entier,1,0,0,1
forme,1,0,0,1
illettrées,1,0,0,1
venant,1,0,0,1
Tackle,1,0,0,1
and,1,0,0,1
change,1,0,0,1
climate,1,0,0,1
its,1,0,0,1
plaident,1,0,0,1
rapide,1,0,0,1
Évolution,1,0,0,1
causes,0,1,0,1
devons,0,1,0,1
futures,0,1,0,1
rassemblée,0,1,0,1
bla,0,0,1,1
eau,0,0,1,1
machines,0,0,1,1
malades,0,0,1,1
sèches,0,0,1,1
tarées,0,0,1,1
toilettes,0,0,1,1
Parmi,0,0,1,1
cachées,0,0,1,1
certaines,0,0,1,1
dautres,0,0,1,1
escroqueries,0,0,1,1
moderne,0,0,1,1
occupent,0,0,1,1
Sivens,1,0,0,1
lintérêt,1,0,0,1
répression,1,0,0,1
Cancer,0,1,0,1
Roms,0,1,0,1
SIDA,0,1,0,1
jessaye,0,1,0,1
lécologies,0,1,0,1
persécution,0,1,0,1
atypiques,1,0,0,1
cellules,1,0,0,1
doper,1,0,0,1
EmmanuelBloch,1,0,0,1
accident,1,0,0,1
prend,1,0,0,1
seul,1,0,0,1
vive,1,0,0,1
JLMelenchon,0,0,1,1
JeanLuc,0,0,1,1
octobre,0,0,1,1
privatisation,0,0,1,1
Dauphins,0,1,0,1
Féroé,0,1,0,1
Iles,0,1,0,1
chassés,0,1,0,1
,0,1,0,1
BFMTV,0,1,0,1
apocalyptique,0,1,0,1
météorologues,0,1,0,1
tableau,0,1,0,1
Eric,0,1,0,1
Zemmour,0,1,0,1
lintéressé,0,1,0,1
lusine,0,1,0,1
nattend,0,1,0,1
recycler,0,1,0,1
retraitement,0,1,0,1
signature,0,1,0,1
Caire,1,0,0,1
central,1,0,0,1
lONU,1,0,0,1
réaffirme,1,0,0,1
Honteux,0,0,1,1
Audio,0,1,0,1
Carlepar,0,1,0,1
Lessard,0,1,0,1
Martin,0,1,0,1
Montréal,0,1,0,1
Seconde,0,1,0,1
Sylvain,0,1,0,1
Zéro,0,1,0,1
martinlessard,0,1,0,1
GoodPlanet,0,1,0,1
Info,0,1,0,1
Magazine,0,1,0,1
Carnage,0,1,0,1
Saucialisme,0,1,0,1
ZAD,0,1,0,1
socialiste,0,2,0,2
Bricolage,0,1,0,1
Isolants,0,1,0,1
durera,0,0,1,1
désastres,0,0,1,1
forcées,0,0,1,1
libéralisme,0,0,1,1
mutations,0,0,1,1
sannoncent,0,0,1,1
tt,0,0,1,1
Derdevet,0,1,0,1
erdfofficiel,0,1,0,1
insiste,0,1,0,1
larrivée,0,1,0,1
AfricaSolar,0,1,0,1
internationale,0,1,0,1
mediaterre,0,1,0,1
édition,0,1,0,1
Biocarburant,1,0,0,1
BtS,1,0,0,1
Syndièse,1,0,0,1
biomasse,1,0,0,1
inauguration,1,0,0,1
prétraitement,1,0,0,1
ah,0,0,1,1
misère,0,0,1,1
Calais,1,0,0,1
commun,1,0,0,1
voyages,1,0,0,1
ImageDuJour,0,1,0,1
agriculteur,0,1,0,1
australien,0,1,0,1
fonctionnant,0,1,0,1
récoltes,0,1,0,1
surveille,0,1,0,1
pétition,0,1,0,1
signez,0,1,0,1
testet,0,1,0,1
tronçonneuse,0,1,0,1
Lexpansion,1,0,0,1
Zehub,1,0,0,1
incertitudes,1,0,0,1
pénalisée,1,0,0,1
régle,1,0,0,1
dElectrabel,0,1,0,1
fermé,0,1,0,1
indispensable,0,1,0,1
nonélectriques,0,1,0,1
brillant,0,0,1,1
ericfallourd,0,0,1,1
Trierweiler,0,1,0,1
Valérie,0,1,0,1
monologue,0,1,0,1
tentatives,0,1,0,1
CriseS,0,0,1,1
LUE,0,0,1,1
Manif,0,0,1,1
Yeah,0,0,1,1
crise,0,0,1,1
droite,0,0,1,1
mur,0,0,1,1
sintéresse,0,0,1,1
écologiqueS,0,0,1,1
Ejdp,0,1,0,1
Journal,0,1,0,1
points,0,1,0,1
Transport,0,1,0,1
covoiturage,0,1,0,1
mars,0,2,0,2
départementales,0,2,0,2
auront,0,2,0,2
activement,0,2,0,2
élections,0,2,0,2
prépare,0,2,0,2
